########################################
########################################
########################################
folders_models              = "models/2020_06_13"
csv_application_sequence    = "data/application_sequences-05_05.csv"
csv_application_p5          = "data/application_p5-05_05.csv"
output_folder               = "figures/application_2020_06_13_v4"

trained_cases = 3

update_dataset = FALSE

########################################
# Optimum number of trees
#                 Layers    L5    L6    L7    L8    L9   L10
num.trees <- list( ### Trained case 1
		   list( c(1000, 1000, 1000, 1000, 1000, 1000),   # x
  			 c(1000, 1000, 1000, 1000, 1000, 1000),   # y 
      			 c( 980,  740, 1000, 1000,  960,  260) ), # z
		   ### Trained case 2
		   list( c( 940,  480, 1000,  360,  620, 1000),   # x
                         c(1000,  980,  980,  700,  900, 1000),   # y 
                         c(1000,  720,  980,  420,  300, 1000) ), # z
		   ### Trained case 3
		   list( c( 920, 1000, 1000,  960,  160, 1000),   # x
                         c(1000, 1000, 1000, 1000, 1000, 1000),   # y
                         c(1000,  920, 1000, 1000,  800,  740) )  # z
		   ) # num.trees <- list( list (), list(), list() )

discrete.z <- list( # Layer  9
		    c(-428.5, -417.5, -406.5, -395.5, -385.5,
		      -374.5, -363.5, -357.5, -346.5, -336.5,
		      -325.5, -314.5, -303.5, -292.5, -282.5,
		      -271.5, -260.5, -254.5, -243.5, -233.5,
		      -222.5, -211.5, -200.5, -189.5, -179.5,
		      -168.5, -157.5, -151.5, -140.5, -130.5,
		      -119.5, -108.5,  -97.5,  -86.5,  -76.5,
		       -65.5,  -54.5,  -48.5,  -37.5,  -27.5,
		       -16.5,   -5.5,    5.5,   16.5,   26.5,
		        37.5,   48.5,   54.5,   65.5,   75.5,
		        86.5,   97.5,  108.5,  119.5,  129.5,
		       140.5,  151.5,  157.5,  168.5,  178.5,
		       189.5,  200.5,  211.5,  222.5,  232.5,
		       243.5,  254.5,  260.5,  271.5,  281.5,
		       292.5,  303.5,  314.5,  325.5,  335.5,
		       346.5,  357.5,  363.5,  374.5,  384.5,
		       395.5,  406.5,  417.5,  428.5),
         	    # Layer 10
         	    c(-531.5, -520.5, -509.5, -498.5, -488.5,
		      -477.5, -466.5, -460.5, -449.5, -439.5,
		      -428.5, -417.5, -406.5, -395.5, -385.5,
		      -374.5, -363.5, -357.5, -346.5, -336.5,
		      -325.5, -314.5, -303.5, -292.5, -282.5,
		      -271.5, -260.5, -254.5, -243.5, -233.5,
		      -222.5, -211.5, -200.5, -189.5, -179.5,
		      -168.5, -157.5, -151.5, -140.5, -130.5,
		      -119.5, -108.5,  -97.5,  -86.5,  -76.5,
		       -65.5,  -54.5,  -48.5,  -37.5,  -27.5,
		       -16.5,   -5.5,    5.5,   16.5,   26.5,
		        37.5,   48.5,   54.5,   65.5,   75.5,
		        86.5,   97.5,  108.5,  119.5,  129.5,
		       140.5,  151.5,  157.5,  168.5,  178.5,
		       189.5,  200.5,  211.5,  222.5,  232.5,
		       243.5,  254.5,  260.5,  271.5,  281.5,
		       292.5,  303.5,  314.5,  325.5,  335.5,
		       346.5,  357.5,  363.5,  374.5,  384.5,
		       395.5,  406.5,  417.5,  428.5,  438.5,
		       449.5,  460.5,  466.5,  477.5,  487.5,
		       498.5,  509.5,  520.5,  531.5) )

########################################
########################################
########################################

########################################
# Reading input files
message("*******************************************")
message("* Reading input files...")
application_sequence <- read.csv(csv_application_sequence)
application_p5       <- read.csv(csv_application_p5)

########################################
# Data frames to be updated
application_4hits  <- application_sequence
application_source <- application_p5

########################################
# Counting number of rows and columns
nrows_sequence = nrow(application_sequence)
ncols_sequence = ncol(application_sequence)

nrows_p5 = nrow(application_p5)
ncols_p5 = ncol(application_p5)

message("  * Application (sequence of 4 hits):")
message("    * ", nrows_sequence, " rows")
message("    * ", ncols_sequence, " cols")
message("  * Application (5th hit):")
message("    * ", nrows_p5, " rows")
message("    * ", ncols_p5, " cols")

########################################
layers <- c(5:10)

########################################
xyz_names <- c("x", "y", "z")
xyz_coord <- c( 1 ,  2 ,  3 )

########################################
column_names <- c("sample_id", "hit_id", "x", "y", "z", "rho", "eta", "phi",
		  "volume_id", "layer_id", "module_id", "value")

########################################
# List of models
## Each sublist will get values correspondent to each one of the 6 layers
gbm_model <- list( list(list(), list(), list(), list(), list(), list()),  # x
		   list(list(), list(), list(), list(), list(), list()),  # y
		   list(list(), list(), list(), list(), list(), list()) ) # z

########################################
# Predicted hits (x, y, z) for each layer
predicted.hits <- list( application_sequence,  # Trained case 1
		        application_sequence,  # Trained case 2
			application_sequence ) # Trained case 3

########################################
# Mean values (x, y, z) between predicted hits for each layer
predicted.hits.mean <- application_sequence

########################################
# Nearest Hits (x, y, z) for each layer
nearest.hits   <- application_sequence

########################################
# Least distance between predicted and nearest hits
leastDist.pred_near <- c()
# Least distance between predicted and real hits
leastDist.pred_real <- c()
# Least distance between nearest and real hits
leastDist.near_real <- c()

########################################
# Reconstructed Tracks Map (RTM)
